Abbr.,MS,NDB,LSr.m.v,LSr.m.d,MEAad,MEApv,COApm,COApl,TR,ENTm,ENTl,ILA,ACAv,ACAd,RSPv.a,RSPv.b/c,RSPd,RSPagl,ORBv,ORBm,PERI,ECT,VISp,VISpm,BMAp,BLAa,BLAp,LA,PA,EPv,EPd,CLA,DMHa,DMHp,DMHv,PH,AHNc,AHNp,TM,SUMm,SUMl,RCH,LHAa,LHAjvv,LHAsfa,REr,REc,PVT,PT,AV,AD,AMd,IAM,LD,PR,RH,VM,LP,RL,IF,CS,DR,SNc,VTA,RR,NI,LC
MS,1.0,0.1002006020070252,0.3450327796711772,1.688099185943042e-16,0.5063696835418333,0.5959141182784952,0.361092690364237,0.2964635306407856,0.12162606385263006,0.3697549864437259,0.21298568784264937,0.11918282365569899,-0.4402355499610878,-0.4037139009163589,-0.1875000000000001,-0.3513641844631535,-0.2883194041644337,-0.1505846504842087,-0.3450327796711773,-0.4185367491399327,-0.35427714445327574,-0.1668893343232979,-0.35934973411004323,-0.3450327796711773,0.45342265631875733,0.3786140830096142,0.3844258722192448,0.35832329778921707,0.34635474918653736,0.586601332759742,0.7407971974871922,-0.25318484177091677,0.6454972243679029,0.6454972243679029,0.6454972243679029,0.19611613513818418,0.3450327796711772,0.1613743060919758,0.5326236412913075,0.17568209223157674,0.3913118960624633,0.3450327796711772,0.3450327796711772,0.2964635306407856,0.117851130197758,0.11727342510014278,0.031152799142451632,0.4583333333333334,0.3602317991967706,-0.2390317845598171,-0.5423261445466405,-0.37529331252040077,-0.44194173824159233,-0.5362617710750642,0.19050019050028577,-0.2821330476987297,1.993806661167015e-17,-0.33881546358946935,0.39712753666024203,0.3352007615769955,-0.06154574548966639,-0.3952847075210474,0.1360267968956273,0.48201867954981187,0.4176345347922785,0.5061102063618225,1.1930332249700458e-16
NDB,0.1002006020070252,1.0,-0.37338291614026003,-0.07761505257063332,-0.11162480368379679,-0.057322515260151155,-0.31576760687854194,-0.5861949317351419,-0.28761331369957077,0.5335152802093557,-0.07967416479199846,-0.22929006104060504,0.2578847616888929,0.24712724192549743,0.1002006020070253,0.34972190121536,0.28504580829348636,0.43153603726190637,0.3180669285639252,0.2273951722470185,0.5030684698047958,0.5966556518731824,0.15555049785600814,0.3180669285639252,-0.08723178840338681,0.06676975192078614,0.1566467955486727,-0.10705982663392775,-0.5080805320717152,0.07389209982710224,-0.22763353047022372,0.2942835733481918,-0.3363318944727442,-0.3363318944727442,-0.3363318944727442,-0.2751133672579203,-0.37338291614026003,-0.5950487363748551,-0.44296443885467196,-0.37319316975330363,-0.3136775004637546,-0.37338291614026003,-0.37338291614026003,-0.5861949317351419,-0.6140552180372304,0.3102229097737469,0.189788977079278,-0.3340020066900843,-0.19800928809100937,0.2135072045157902,0.3695215619405121,0.39860892794380126,0.6376727264232777,0.22639820966991595,0.101803913443102,0.4070865776470484,0.2605310807711742,0.5341390111563457,-0.1874665037410606,-0.14106673603355882,0.4193506109344297,-0.25348970020979117,-0.23988741810931397,-0.22796921202414658,-0.2734019144600536,-0.3002182803673781,-0.049289663929681635
LSr.m.v,0.3450327796711772,-0.37338291614026003,1.0,-0.08908708063747468,0.628970902033151,0.592156525463792,0.8154904233293434,0.8728715609439696,0.7889416031608955,-0.554051251343814,0.03919309008348105,0.06579516949597684,-0.4206342337287049,-0.42548147169838163,-0.1725163898355886,-0.46068221272042836,-0.3802333115053919,-0.40526179615255725,-0.4285714285714285,-0.4235994339875146,-0.30733931592491187,-0.2671818298643447,-0.4165977904505309,-0.4285714285714285,0.6508140266182866,0.355325212995014,0.6808829066491902,0.8362105717465858,0.9464696355640229,0.5088831022651474,0.647518267761447,-0.4193139346887673,0.8017837257372732,0.8017837257372732,0.8017837257372732,-0.13533299049019168,1.0,0.8017837257372732,0.7167132003459626,0.21821789023599236,0.15430334996209194,1.0,1.0,0.8728715609439696,0.8132500607904443,0.1402723429253879,0.10318787407351647,0.6900655593423541,0.6250100886998496,-0.22621385432622337,-0.5426488617097118,-0.36256778547056945,-0.48795003647426655,-0.36512170195735777,0.2629152410248094,-0.39803350093255985,-0.024246432248443608,-0.3740878118331298,0.5968070111141933,0.5320141523681087,-0.25482359571881275,-0.2182178902359924,0.8510644963469901,0.6253340406679675,0.7108815151685565,0.5867386940384682,-0.2182178902359923
LSr.m.d,1.688099185943042e-16,-0.07761505257063332,-0.08908708063747468,1.0,-0.5229763603684906,-0.49236596391733084,-0.2542738138578038,-0.10206207261596564,-0.06280742930213268,0.08183170883849716,0.4766031238193982,-0.7385489458759965,-0.5246230625870019,-0.5306686305052325,-0.6454972243679028,-0.5745716680602516,-0.6948083337796512,-0.5054502643838304,-0.5345224838248487,-0.5283213170708816,-0.20908334939572665,-0.7066865096598595,-0.5195887333176439,-0.5345224838248487,-0.2809757434745081,-0.2737216604520212,-0.19851666679418598,-0.1345726220504978,-0.07154272935889618,-0.5192907868894986,-0.25503068522533534,-0.5229763603684908,0.16666666666666669,0.16666666666666669,0.16666666666666669,0.7595545253127499,-0.08908708063747471,0.16666666666666669,-0.30942637387763805,0.7257747386024231,0.7216878364870322,-0.08908708063747471,-0.08908708063747471,-0.10206207261596564,1.0134903240813527e-16,-0.6661570994694825,-0.6756639246921762,-0.3227486121839513,-0.37204580241691354,-0.7229792562550632,-0.5601120336112039,-0.048450158311150925,-0.45643546458763845,-0.5169255239135973,-0.5738476063109588,-0.7122762990619939,-0.18144368465060576,-0.46656947481584343,0.47851014891726423,0.5192907868894986,0.47673129462279606,0.6123724356957945,0.16390251702679645,0.44804407642975475,-0.07188851546895891,-0.31362502409359005,0.8618575020903776
MEAad,0.5063696835418333,-0.11162480368379679,0.628970902033151,-0.5229763603684906,1.0,0.9414688716912718,0.8976095575314934,0.7205766921228921,0.5666073134641545,-0.04279604925109131,-0.12941939442218645,0.38624363966821407,-0.1371827299185605,-0.11894020669001054,0.12659242088545833,-0.094890757810422,-0.025954880968126932,0.06100120144955702,-0.06988565578146119,-0.13187024431007172,-0.1640184736209459,0.18929724667346193,-0.11645683913097246,-0.06988565578146119,0.8816620300447741,0.7055247917048599,0.6553607444452058,0.7851579103256668,0.6804881535865359,0.9505188199512584,0.6752110364284797,-0.025641025641025616,0.4576043153224294,0.4576043153224294,0.4576043153224294,-0.3972290611494787,0.628970902033151,0.4576043153224294,0.8360838405314928,-0.2312962221629036,-0.11322770341445956,0.628970902033151,0.628970902033151,0.7205766921228921,0.5967623950328608,0.7442757963530224,0.5426542566862709,0.801751998941236,0.8547233084114206,0.12449669050696546,-0.2334248904619631,-0.13302600912742518,-0.08951435925492904,-0.04344747253037812,0.5787811270697318,-0.019048482943986467,0.03558403417890822,-0.02287545054358385,0.19662460406296353,0.15276195320645222,-0.49863839467117715,-0.24019223070763068,0.45001499450202004,0.20502690282890804,0.648530899471314,0.36904156564712837,-0.4803844614152614
MEApv,0.5959141182784952,-0.057322515260151155,0.592156525463792,-0.49236596391733084,0.9414688716912718,1.0,0.8137725144837183,0.6784005252999681,0.41747724633844185,-0.04029114820126903,-0.3249182166443294,0.3636363636363636,-0.12915326995195567,-0.11197850219117086,0.23836564731139806,-0.08933669468970772,0.03665356874991562,0.05743073230052642,-0.06579516949597687,-0.12415173012025557,-0.15441828729643656,0.24186655996847442,-0.1096404889373686,-0.06579516949597687,0.8300573566392894,0.664229629596594,0.5864570999986501,0.7081428356340436,0.6736820437520833,0.9747842274534045,0.7534105749568178,-0.024140227479263355,0.4308202184276646,0.4308202184276646,0.4308202184276646,-0.37397879600338285,0.592156525463792,0.4308202184276646,0.7871469099844898,-0.30151134457776363,-0.21320071635561041,0.592156525463792,0.592156525463792,0.6784005252999681,0.4494665749754947,0.7007124942196027,0.5108920907608892,0.8740073734751262,0.8046953887783311,0.24744282400854598,-0.2197622682478831,-0.12523984671878988,-0.1685499656158105,-0.10907851450936697,0.6054493496206034,0.07173421497882153,0.2010075630518424,-0.021536524612697377,0.10097233316394613,0.06392027721005929,-0.46945252681302013,-0.3015113445777637,0.380442955126341,0.14706776904585755,0.6105716541821836,0.3474411464169823,-0.5360201681382465
COApm,0.361092690364237,-0.31576760687854194,0.8154904233293434,-0.2542738138578038,0.8976095575314934,0.8137725144837183,1.0,0.8823582234459871,0.8304547985373998,-0.22194838080923765,-8.279714964248517e-18,0.18779365718855034,-0.3913005270878243,-0.38552896163789474,-0.13130643285972257,-0.39984860670319244,-0.336517266533977,-0.27681826617913324,-0.36244018814637485,-0.3908022581352469,-0.13291105166253794,-0.12271640176502494,-0.37747945388063625,-0.36244018814637485,0.809707437474345,0.5568020043090102,0.6730345330679539,0.9067847870150592,0.8549978044505122,0.7702452851544084,0.5836286248471356,-0.3324479842709235,0.5933055656682091,0.5933055656682091,0.5933055656682091,-0.30901572157476287,0.8154904233293434,0.6780635036208105,0.8742113799339751,-0.04613637769652218,0.05872202195147033,0.8154904233293434,0.8154904233293434,0.8823582234459871,0.8046797987672248,0.574886857781287,0.4581430480469644,0.8534918135881966,0.9189860496432602,-0.08967545991612366,-0.4094627410501674,-0.07391763921474433,-0.23211917272131485,-0.2253267847644922,0.550305810421183,-0.24697256056774752,0.09227275539304441,-0.2965909994776427,0.46351466870422275,0.44014016294537617,-0.45255572868466515,-0.08304547985373997,0.7620775882111483,0.4810203657141402,0.8408508820399244,0.3189865239900911,-0.3229546438756555
COApl,0.2964635306407856,-0.5861949317351419,0.8728715609439696,-0.10206207261596564,0.7205766921228921,0.6784005252999681,0.8823582234459871,1.0,0.7115384615384616,-0.46770717334674256,-0.06735198826004048,0.07537783614444085,-0.48189705398788424,-0.4874502627147611,-0.19764235376052375,-0.5277777777777777,-0.43561198292929537,-0.46428571428571425,-0.49099025303098276,-0.48529411764705876,-0.35210141981546383,-0.30609523991754306,-0.47727272727272724,-0.49099025303098276,0.7456011350793258,0.5268044568716334,0.5774391401620893,0.8034835023445709,0.9747901984027697,0.5829988340034978,0.5466081666101211,-0.48038446141526137,0.6634034720037774,0.6634034720037774,0.6634034720037774,3.442655454855238e-17,0.8728715609439696,0.9185586535436917,0.8210981230398561,0.24999999999999994,0.17677669529663692,0.8728715609439696,0.8728715609439696,1.0,0.9316949906249123,0.22251067939536698,0.11821656093586515,0.7905694150420948,0.7160390103945311,-0.25916052767440806,-0.6216823711415944,-0.41537358036784866,-0.5590169943749473,-0.4182994592726744,0.30120724833843715,-0.4560046617879328,-0.02777777777777779,-0.4285714285714285,0.4046555398348119,0.344499311002067,-0.5838742081211421,0.0,0.6882472016116852,0.48776860867975397,0.704360725060499,0.3521014198154639,-0.2499999999999999
TR,0.12162606385263006,-0.28761331369957077,0.7889416031608955,-0.06280742930213268,0.5666073134641545,0.41747724633844185,0.8304547985373998,0.7115384615384616,1.0,-0.23642340630714462,0.2348684718811672,0.046386360704271316,-0.5436787275760746,-0.5499438861397306,-0.4256912234842049,-0.5669515669515671,-0.5330207447650056,-0.5238095238095238,-0.5539377213682884,-0.5475113122171947,0.128036879932896,-0.33451256988336275,-0.5384615384615384,-0.5539377213682884,0.4588314677411235,0.2136689405493338,0.6202989953698016,0.8272552035973689,0.7178230328774071,0.3587685132329218,0.27630742487984145,-0.5419722128787565,0.565266863719195,0.565266863719195,0.565266863719195,-0.3339396700478689,0.7889416031608955,0.565266863719195,0.6672434451527034,0.025641025641025612,0.1631784879661264,0.7889416031608955,0.7889416031608955,0.7115384615384616,0.74535599249993,0.3461277235039041,0.43649191730165565,0.6081303192631499,0.7911479974988529,-0.25916052767440806,-0.34959326971357574,0.10954907614097105,-0.08600261451922271,-0.30959377858850756,0.5251818688977877,-0.28061825340795865,0.19658119658119655,-0.4835164835164836,0.6568944041880768,0.6604602175424242,-0.2694804037482194,-0.1538461538461538,0.9088392534103025,0.6988223335892629,0.873678207046196,0.2659227506298608,-0.19658119658119647
ENTm,0.3697549864437259,0.5335152802093557,-0.554051251343814,0.08183170883849716,-0.04279604925109131,-0.04029114820126903,-0.22194838080923765,-0.46770717334674256,-0.23642340630714462,1.0,0.3240103684976904,-0.161164592805076,-0.17172320683032077,-0.1674984376075945,-0.26411070460266145,-0.08413779837983737,-0.12454467858796274,0.006363362902676763,-0.11664236870396089,-0.18079436952899294,0.41063154649749295,0.11847967401660177,-0.19437181229994505,-0.11664236870396089,-0.21459876881973797,-0.03839847637868534,-0.1786945388435986,-0.2587892291938321,-0.5327562056551829,0.02832963498350372,-0.22956556456066254,-0.09629111081495542,-0.19094065395649326,-0.19094065395649326,-0.19094065395649326,0.0828741930164745,-0.5540512513438142,-0.6000991981489789,-0.06752237049095149,-0.16332631450203716,0.18898223650461357,-0.5540512513438142,-0.5540512513438142,-0.4677071733467426,-0.49801192055599725,0.218051095217938,0.22116293423234581,-0.14085904245475267,0.03479445003196112,-0.08080749189443173,0.06875238727711583,0.3330397768401644,0.373508940416998,-0.13294568245855318,0.21466939537054602,0.12717117101978923,0.28210908868533696,0.009545044354015144,-0.007458533939516831,0.042494452475255524,0.10403129732205982,-0.13363062095621225,-0.39854057066522774,0.05703321930322032,0.02353104026675067,-0.3250833076438486,0.16332631450203705
ENTl,0.21298568784264937,-0.07967416479199846,0.03919309008348105,0.4766031238193982,-0.12941939442218645,-0.3249182166443294,-8.279714964248517e-18,-0.06735198826004048,0.2348684718811672,0.3240103684976904,1.0,-0.35199473469802345,-0.34620506370922793,-0.3501946066316617,-0.5679618342470648,-0.37916674872319145,-0.5312921105596637,-0.3335527037640105,-0.35273781075132915,-0.3486455862872689,-0.19546687117276643,-0.5232229838606957,-0.34288284932384294,-0.35273781075132915,-0.1854192697718241,-0.30965522264339174,-0.1310035341106021,-0.051803552809481755,-0.08655516260519384,-0.29509092104873924,-0.02804963567266081,-0.34511838512583043,0.4766031238193981,0.4766031238193981,0.4766031238193981,0.44554591935411303,0.039193090083481014,-0.07332355751067668,0.13612945512202265,0.578728195419608,0.8255008255012383,0.039193090083481014,0.039193090083481014,-0.06735198826004059,0.1338698881504165,-0.3729982459185525,-0.33971713810324305,-0.23665076426961035,-0.07014785603174338,-0.6516524678493258,-0.40812723115732447,-0.13854898080383338,-0.20080483222562467,-0.21929487777818846,-0.3606561254031919,-0.6124759591755962,-0.4190790380624747,-0.3078948034744713,0.7418196900984952,0.7234487096678769,0.4194676139809671,0.17960530202677497,0.1854192697718241,0.6241915265028871,0.18976038114043367,0.25295712740005066,0.7184212081070996
ILA,0.11918282365569899,-0.22929006104060504,0.06579516949597684,-0.7385489458759965,0.38624363966821407,0.3636363636363636,0.18779365718855034,0.07537783614444085,0.046386360704271316,-0.161164592805076,-0.35199473469802345,1.0,0.3228831748798892,0.391924757669098,0.4767312946227961,0.42434929977611174,0.5131499624988188,0.4450881753290795,0.39477101697586137,0.39019115180651753,-0.13511600138438204,0.20367710313134688,0.5207923224525007,0.39477101697586137,0.2075143391598224,0.2021568437902677,0.14661427499966254,0.09938846815916408,0.052837807353104546,0.3835216632603559,0.42379344841321004,0.506944777064531,-0.12309149097933268,-0.12309149097933268,-0.12309149097933268,-0.5609681940050744,0.0657951694959769,-0.12309149097933268,0.22852652225356163,-0.5360201681382463,-0.42640143271122083,0.0657951694959769,0.0657951694959769,0.07537783614444091,0.0,0.4174457412372101,0.558416936413065,0.23836564731139806,0.2747740351926009,0.5339555675973888,0.4136701519960153,0.035782813348225646,0.16854996561581048,0.31360072921443,0.4238145447344223,0.5260509098446914,-0.03350126050864042,0.02153652461269739,-0.3534031660738116,-0.3835216632603558,-0.3520893951097651,-0.45226701686664544,-0.12105003117656303,-0.33090248035317965,0.05309318732018994,0.42465029006520066,-0.6365239496641676
ACAv,-0.4402355499610878,0.2578847616888929,-0.4206342337287049,-0.5246230625870019,-0.1371827299185605,-0.12915326995195567,-0.3913005270878243,-0.48189705398788424,-0.5436787275760746,-0.17172320683032077,-0.34620506370922793,0.3228831748798892,1.0,0.9942892934089467,0.8804710999221753,0.9756928006668273,0.9459966638488406,0.8669047532057177,0.9814798787003114,0.9952906474521008,0.027422486773983578,0.7505306195583894,0.9540588139558113,0.9814798787003114,-0.19654180673900826,-0.18462946603209285,-0.39054908140548467,-0.48537432020340465,-0.47854531372173903,-0.04540532049853046,-0.10034623435243266,0.9259834269502837,-0.5246230625870016,-0.5246230625870016,-0.5246230625870016,-0.39847982127139125,-0.4206342337287049,-0.5246230625870016,-0.3787751611207132,-0.49974509302447245,-0.6360716594561518,-0.4206342337287049,-0.4206342337287049,-0.48189705398788424,-0.4789131426105757,0.1800358612330854,0.06751788141934527,-0.3386427307392982,-0.3903676165731996,0.7400811543481053,0.7897156681245354,0.15250842261612643,0.47891314261057566,0.9394832855014053,-0.18923374717096172,0.6454413540926116,-0.21417646843905966,0.8873025121046757,-0.6096624023809909,-0.6129718267301613,0.25010423181607755,0.0,-0.515922242689897,-0.8226898944268991,-0.6222871569776117,0.02742248677398362,-0.21417646843905974
ACAd,-0.4037139009163589,0.24712724192549743,-0.42548147169838163,-0.5306686305052325,-0.11894020669001054,-0.11197850219117086,-0.38552896163789474,-0.4874502627147611,-0.5499438861397306,-0.1674984376075945,-0.3501946066316617,0.391924757669098,0.9942892934089467,1.0,0.8808303292720553,0.9869363343854424,0.9518814867190702,0.9019487854313947,0.992790100629557,0.9994778496000145,-0.017831888788705265,0.7212858257048836,0.9791208740244552,0.992790100629557,-0.17040572913692192,-0.15118429455665952,-0.364950609532608,-0.47056375139921874,-0.4840598981965228,-0.019683666479473932,-0.05800147905657404,0.9589554164382098,-0.5306686305052324,-0.5306686305052324,-0.5306686305052324,-0.40307175974176895,-0.4254814716983816,-0.5306686305052324,-0.38314003015830767,-0.5055039761486411,-0.6237055560836822,-0.4254814716983816,-0.4254814716983816,-0.487450262714761,-0.48443196581348313,0.19282291400553178,0.0841503463342685,-0.3425451280502437,-0.38680758162377904,0.737915161372517,0.7882005721818716,0.15426587495244098,0.4671308241772873,0.9321151145870065,-0.18644260613861782,0.6479703225678233,-0.24759378423606912,0.8555249508871318,-0.6166879331356072,-0.6200354941034281,0.2529863432364657,0.0,-0.5218675454818236,-0.8321702775573585,-0.62945817087395,0.047551703436547466,-0.21664456120656056
RSPv.a,-0.1875000000000001,0.1002006020070253,-0.1725163898355886,-0.6454972243679028,0.12659242088545833,0.23836564731139806,-0.13130643285972257,-0.19764235376052375,-0.4256912234842049,-0.26411070460266145,-0.5679618342470648,0.4767312946227961,0.8804710999221753,0.8808303292720553,1.0,0.8491301124526205,0.9290291911965082,0.7529232524210426,0.8625819491779427,0.8835775815176353,-0.050611020636182245,0.73431307102251,0.8624393618641035,0.8625819491779427,9.844272003999324e-18,-0.07572281660192294,-0.2883194041644336,-0.2931736072820866,-0.17317737459326865,0.2514005711827466,0.24693239916239748,0.8228507357554792,-0.3227486121839514,-0.3227486121839514,-0.3227486121839514,-0.4902903378454601,-0.17251638983558854,-0.3227486121839514,-0.06657795516141339,-0.6148873228105182,-0.7267220926874316,-0.17251638983558854,-0.17251638983558854,-0.1976423537605237,-0.3535533905932738,0.3127291336003811,0.2180695939971617,0.0833333333333333,-0.10292337119907728,0.8878323426507486,0.6779076806833005,0.09382332813010019,0.2651650429449553,0.7865172642434272,0.06350006350009516,0.6896585610413388,-1.7120731112195022e-17,0.7341001711105166,-0.5736286640647938,-0.586601332759742,0.06154574548966636,-0.158113883008419,-0.3627381250550059,-0.7230280193247178,-0.3480287789935654,0.20244408254472904,-0.4392052305789416
RSPv.b/c,-0.3513641844631535,0.34972190121536,-0.46068221272042836,-0.5745716680602516,-0.094890757810422,-0.08933669468970772,-0.39984860670319244,-0.5277777777777777,-0.5669515669515671,-0.08413779837983737,-0.37916674872319145,0.42434929977611174,0.9756928006668273,0.9869363343854424,0.8491301124526205,1.0,0.9620233628171522,0.9400352733686067,0.9941037221861876,0.982570806100218,0.033194746649269344,0.7709065301627012,0.9663299663299663,0.9941037221861876,-0.1359500645158884,-0.06740259044148852,-0.2836543144655877,-0.44409059673745516,-0.5241069231528833,0.023555508444585753,-0.07519477424266205,0.9726302675568256,-0.5745716680602517,-0.5745716680602517,-0.5745716680602517,-0.4364185105916595,-0.46068221272042836,-0.5745716680602517,-0.4148377981549889,-0.5473251028806584,-0.6547285010986552,-0.46068221272042836,-0.46068221272042836,-0.5277777777777777,-0.5245097724999507,0.2545595426827655,0.14010851666472898,-0.37088441693332846,-0.3809231099068551,0.7326884054004871,0.8035026303899026,0.16702852967172752,0.5383126612499494,0.9027563905824685,-0.1338698881504166,0.693185830479563,-0.21810699588477364,0.8677248677248679,-0.6677074808002261,-0.6713319906706947,0.21624970671153418,-0.07407407407407408,-0.5650424556441613,-0.8558532531927164,-0.6489249272548117,0.014226319992544055,-0.27572016460905363
RSPd,-0.2883194041644337,0.28504580829348636,-0.3802333115053919,-0.6948083337796512,-0.025954880968126932,0.03665356874991562,-0.336517266533977,-0.43561198292929537,-0.5330207447650056,-0.12454467858796274,-0.5312921105596637,0.5131499624988188,0.9459966638488406,0.9518814867190702,0.9290291911965082,0.9620233628171522,1.0,0.8625406705178076,0.9461619611878357,0.951076230855206,0.09338969160945867,0.8160716710320269,0.932007033244074,0.9461619611878357,-0.1301495254373478,-0.08150746749345797,-0.2807881773399015,-0.41575076152708956,-0.420746815908467,0.10308787611023326,0.018985440585439196,0.9149095541264755,-0.5293777781178295,-0.5293777781178295,-0.5293777781178295,-0.5277448141473458,-0.3802333115053919,-0.5293777781178295,-0.2968937464086014,-0.6618600670863714,-0.7736421443326913,-0.3802333115053919,-0.3802333115053919,-0.43561198292929537,-0.5134569332073644,0.30255661104761633,0.2459060087054427,-0.19221293610962242,-0.2690515658656626,0.861140592678569,0.8235125945213376,0.15389062293728498,0.4983552587012655,0.8447687686882921,0.03254808972933528,0.8001881923828448,-0.03151714605173198,0.8162297620336298,-0.7169652384168484,-0.7259104609428926,0.07886592297082881,-0.24313226954193232,-0.543839088434632,-0.8424993852981285,-0.5387328348059204,0.08820137540893325,-0.4637522919040562
RSPagl,-0.1505846504842087,0.43153603726190637,-0.40526179615255725,-0.5054502643838304,0.06100120144955702,0.05743073230052642,-0.27681826617913324,-0.46428571428571425,-0.5238095238095238,0.006363362902676763,-0.3335527037640105,0.4450881753290795,0.8669047532057177,0.9019487854313947,0.7529232524210426,0.9400352733686067,0.8625406705178076,1.0,0.9456108576893003,0.8879551820728291,-0.09755190852030168,0.7056776959675378,0.9047619047619047,0.9456108576893003,0.08739647004592832,0.1687598693008695,-0.08297371103415149,-0.268808888452274,-0.4610564662322357,0.21199957600127195,0.06693161223797416,0.976019223192912,-0.5054502643838304,-0.5054502643838304,-0.5054502643838304,-0.3839170356332643,-0.40526179615255725,-0.5054502643838304,-0.36493249912882475,-0.4814814814814815,-0.5387480237611791,-0.40526179615255725,-0.40526179615255725,-0.46428571428571425,-0.4614108524999566,0.360255385687737,0.15386917455144344,-0.32626674271578515,-0.2975746536704546,0.6088215570763872,0.657411243046284,0.146934871966858,0.4791574237499549,0.8032210981143247,-0.1338698881504166,0.5740182906150376,-0.3227513227513227,0.8027210884353742,-0.587381768824259,-0.5905702474321148,0.24096395890713806,0.0,-0.4970674233862172,-0.7926239891046001,-0.5995451409741154,0.00609699428251893,-0.20634920634920648
ORBv,-0.3450327796711773,0.3180669285639252,-0.4285714285714285,-0.5345224838248487,-0.06988565578146119,-0.06579516949597687,-0.36244018814637485,-0.49099025303098276,-0.5539377213682884,-0.11664236870396089,-0.35273781075132915,0.39477101697586137,0.9814798787003114,0.992790100629557,0.8625819491779427,0.9941037221861876,0.9461619611878357,0.9456108576893003,1.0,0.9883986793042008,-0.027939937811355616,0.7462664903107559,0.9720615110512386,1.0,-0.10012523486435171,-0.06270444935206135,-0.29180695999251005,-0.42260104163537127,-0.4875752668057087,0.0462621002059225,-0.03407990882954972,0.9783991809404572,-0.5345224838248487,-0.5345224838248487,-0.5345224838248487,-0.4059989714705751,-0.4285714285714285,-0.5345224838248487,-0.38592249249397986,-0.5091750772173155,-0.6172133998483676,-0.4285714285714285,-0.4285714285714285,-0.49099025303098276,-0.4879500364742666,0.24817414517568634,0.10318787407351643,-0.3450327796711771,-0.3693241433226386,0.7163438720330406,0.7671932182792477,0.15538619377310117,0.48795003647426655,0.9177383319468722,-0.17527682734987307,0.6403147623697701,-0.26671075473287953,0.8728715609439696,-0.621166480955589,-0.6245383527799537,0.2548235957188128,0.0,-0.5256574830378469,-0.83821371408685,-0.6340294594746585,0.02793993781135568,-0.21821789023599245
ORBm,-0.4185367491399327,0.2273951722470185,-0.4235994339875146,-0.5283213170708816,-0.13187024431007172,-0.12415173012025557,-0.3908022581352469,-0.48529411764705876,-0.5475113122171947,-0.18079436952899294,-0.3486455862872689,0.39019115180651753,0.9952906474521008,0.9994778496000145,0.8835775815176353,0.982570806100218,0.951076230855206,0.8879551820728291,0.9883986793042008,1.0,-0.015063162345046576,0.7127734998485585,0.9786096256684492,0.9883986793042008,-0.18893060436399198,-0.17466244024621005,-0.3837676019240304,-0.48233247953716324,-0.4819187497721558,-0.037411689882577405,-0.06430684313060238,0.9513496196655176,-0.5283213170708816,-0.5283213170708816,-0.5283213170708816,-0.4012888472003803,-0.4235994339875146,-0.5283213170708816,-0.381445281894835,-0.503267973856209,-0.6239177481057773,-0.4235994339875146,-0.4235994339875146,-0.48529411764705876,-0.4822891716176017,0.17742681624990048,0.07881104062391003,-0.34102994374364876,-0.39056673294247163,0.7419105302051682,0.7919199372757025,0.15358350870743984,0.46036693654407435,0.9336922747517248,-0.18899278327117633,0.6484362965577766,-0.2418300653594771,0.8487394957983194,-0.6139601294045423,-0.6172928830625273,0.25186730546402214,0.0,-0.5195591620009782,-0.8284893279781115,-0.6266738803847087,0.05272106820766309,-0.21568627450980396
PERI,-0.35427714445327574,0.5030684698047958,-0.30733931592491187,-0.20908334939572665,-0.1640184736209459,-0.15441828729643656,-0.13291105166253794,-0.35210141981546383,0.128036879932896,0.41063154649749295,-0.19546687117276643,-0.13511600138438204,0.027422486773983578,-0.017831888788705265,-0.050611020636182245,0.033194746649269344,0.09338969160945867,-0.09755190852030168,-0.027939937811355616,-0.015063162345046576,1.0,0.4000233767751939,-0.10475744721782398,-0.027939937811355616,-0.38185777203993027,-0.2698015959703512,-0.06225979440630582,-0.09496201912408112,-0.35900144350248075,-0.1628625855497983,-0.5798840347884041,-0.11276270061440034,-0.4704375361403851,-0.4704375361403851,-0.4704375361403851,-0.5558357147037487,-0.30733931592491187,-0.4704375361403851,-0.20487035836541798,-0.6259580796719357,-0.4979466032338519,-0.30733931592491187,-0.30733931592491187,-0.35210141981546383,-0.38173222287591213,0.39252300772777016,0.5953524649992593,-0.033740680424121504,0.17502431062038534,0.3539424572287376,0.537974521986547,0.7445639213159752,0.7873227096815688,0.15633075203870808,0.5913397564532056,0.5889311338348833,0.7966739195824639,0.1737643370517874,-0.20724333107204412,-0.10857505703319895,-0.049838287920747605,-0.32009219983223997,-0.02203025607922679,-0.09367855617684813,0.1465492430740303,-0.5081967213114754,-0.3698843198061439
ECT,-0.1668893343232979,0.5966556518731824,-0.2671818298643447,-0.7066865096598595,0.18929724667346193,0.24186655996847442,-0.12271640176502494,-0.30609523991754306,-0.33451256988336275,0.11847967401660177,-0.5232229838606957,0.20367710313134688,0.7505306195583894,0.7212858257048836,0.73431307102251,0.7709065301627012,0.8160716710320269,0.7056776959675378,0.7462664903107559,0.7127734998485585,0.4000233767751939,1.0,0.61027138742181,0.7462664903107559,0.07748751900686217,0.1496259925964358,-0.005132526232905873,-0.15134921564304568,-0.29780061051405066,0.32222264811406387,-0.07253027534555838,0.6625403633571167,-0.4481426646623499,-0.4481426646623499,-0.4481426646623499,-0.6022263188761576,-0.26718182986434463,-0.4481426646623499,-0.14577829610152976,-0.7083583329892568,-0.8060599359358184,-0.26718182986434463,-0.26718182986434463,-0.306095239917543,-0.4090964106934039,0.5699274336763561,0.40261597392264337,-0.022251911243106364,-0.016489740389494717,0.7586291131170684,0.6914845522662515,0.23048742005725525,0.660848048043191,0.6930598892625769,0.27129557317166153,0.7600564771752554,0.22986462461240784,0.8926521282324409,-0.6150445301778192,-0.6131180943281493,-0.04930237677696732,-0.33776026473659926,-0.3922805649722396,-0.6770148235412734,-0.308533131128426,-0.10270870484768482,-0.5582426597729906
VISp,-0.35934973411004323,0.15555049785600814,-0.4165977904505309,-0.5195887333176439,-0.11645683913097246,-0.1096404889373686,-0.37747945388063625,-0.47727272727272724,-0.5384615384615384,-0.19437181229994505,-0.34288284932384294,0.5207923224525007,0.9540588139558113,0.9791208740244552,0.8624393618641035,0.9663299663299663,0.932007033244074,0.9047619047619047,0.9720615110512386,0.9786096256684492,-0.10475744721782398,0.61027138742181,1.0,0.9720615110512386,-0.16684780645131764,-0.14802769862508716,-0.35733075978132484,-0.4607387915542296,-0.4739531506023682,-0.01927268872738839,0.014197614717146118,0.9753260277218943,-0.5195887333176438,-0.5195887333176438,-0.5195887333176438,-0.39465597369293604,-0.4165977904505309,-0.5195887333176438,-0.37514040120235836,-0.49494949494949486,-0.5785419118799026,-0.4165977904505309,-0.4165977904505309,-0.47727272727272724,-0.47431744977268264,0.1663211138914864,0.10030496079406734,-0.3353930851693736,-0.37873137739876034,0.7225081377589558,0.7717436331412898,0.15104493831558136,0.4065578140908709,0.89209810970192,-0.18254984747784075,0.6344412685745154,-0.29292929292929293,0.7402597402597403,-0.6038120280920706,-0.6070896949127335,0.24770420950593913,0.0,-0.5109714072571603,-0.8147952894991345,-0.6163156344279367,0.10475744721782404,-0.21212121212121215
VISpm,-0.3450327796711773,0.3180669285639252,-0.4285714285714285,-0.5345224838248487,-0.06988565578146119,-0.06579516949597687,-0.36244018814637485,-0.49099025303098276,-0.5539377213682884,-0.11664236870396089,-0.35273781075132915,0.39477101697586137,0.9814798787003114,0.992790100629557,0.8625819491779427,0.9941037221861876,0.9461619611878357,0.9456108576893003,1.0,0.9883986793042008,-0.027939937811355616,0.7462664903107559,0.9720615110512386,1.0,-0.10012523486435171,-0.06270444935206135,-0.29180695999251005,-0.42260104163537127,-0.4875752668057087,0.0462621002059225,-0.03407990882954972,0.9783991809404572,-0.5345224838248487,-0.5345224838248487,-0.5345224838248487,-0.4059989714705751,-0.4285714285714285,-0.5345224838248487,-0.38592249249397986,-0.5091750772173155,-0.6172133998483676,-0.4285714285714285,-0.4285714285714285,-0.49099025303098276,-0.4879500364742666,0.24817414517568634,0.10318787407351643,-0.3450327796711771,-0.3693241433226386,0.7163438720330406,0.7671932182792477,0.15538619377310117,0.48795003647426655,0.9177383319468722,-0.17527682734987307,0.6403147623697701,-0.26671075473287953,0.8728715609439696,-0.621166480955589,-0.6245383527799537,0.2548235957188128,0.0,-0.5256574830378469,-0.83821371408685,-0.6340294594746585,0.02793993781135568,-0.21821789023599245
BMAp,0.45342265631875733,-0.08723178840338681,0.6508140266182866,-0.2809757434745081,0.8816620300447741,0.8300573566392894,0.809707437474345,0.7456011350793258,0.4588314677411235,-0.21459876881973797,-0.1854192697718241,0.2075143391598224,-0.19654180673900826,-0.17040572913692192,9.844272003999324e-18,-0.1359500645158884,-0.1301495254373478,0.08739647004592832,-0.10012523486435171,-0.18893060436399198,-0.38185777203993027,0.07748751900686217,-0.16684780645131764,-0.10012523486435171,1.0,0.9009357225925504,0.7994899419722796,0.8413090463359455,0.7236637765852107,0.8754486895544354,0.6090882093150158,-0.036735917918532215,0.4214636152117623,0.4214636152117623,0.4214636152117623,-0.14227759830611802,0.6508140266182866,0.6556100681071858,0.6182492832063323,0.05098127419345815,1.8010195682678644e-17,0.6508140266182866,0.6508140266182866,0.7456011350793258,0.6839855680567695,0.5558500199041655,0.23504640538388083,0.604563541758343,0.6272150756439736,-0.11891100529341271,-0.4327892114505485,-0.32671966207039804,-0.2564945880212885,-0.16599260960294016,0.27640672769878033,-0.25471391614863703,-0.20392509677383266,-0.03277367626722307,0.15365685125957249,0.09727207661715948,-0.4464997664806832,0.0,0.44736842105263147,0.15386496581402184,0.42417751070455784,0.23498939817841866,-0.305887645160749
BLAa,0.3786140830096142,0.06676975192078614,0.355325212995014,-0.2737216604520212,0.7055247917048599,0.664229629596594,0.5568020043090102,0.5268044568716334,0.2136689405493338,-0.03839847637868534,-0.30965522264339174,0.2021568437902677,-0.18462946603209285,-0.15118429455665952,-0.07572281660192294,-0.06740259044148852,-0.08150746749345797,0.1687598693008695,-0.06270444935206135,-0.17466244024621005,-0.2698015959703512,0.1496259925964358,-0.14802769862508716,-0.06270444935206135,0.9009357225925504,1.0,0.7723802871999103,0.6748779114210662,0.47418338530557713,0.7513174354941028,0.34405086865718526,0.01533749547184466,0.11730928305086634,0.11730928305086634,0.11730928305086634,-0.05940186453498646,0.35532521299501396,0.508340226553754,0.34685315584321014,0.0319275428407051,-0.06772854614785954,0.35532521299501396,0.35532521299501396,0.5268044568716334,0.49974509302447256,0.5257122244193374,0.20381567294307515,0.35337314414230653,0.423974427337949,-0.15721281814894347,-0.3531715833646251,-0.3182845867701968,-0.10708823421952994,-0.21224056910349148,0.230803375806152,-0.15951718741080237,-0.18092274276399525,0.013683232646016341,-0.14434375500526497,-0.19290582803226958,-0.5592500638011152,0.0,0.14283127309394097,-0.0642396692436424,0.16023061397583907,-0.03679112672322964,-0.3512029712477555
BLAp,0.3844258722192448,0.1566467955486727,0.6808829066491902,-0.19851666679418598,0.6553607444452058,0.5864570999986501,0.6730345330679539,0.5774391401620893,0.6202989953698016,-0.1786945388435986,-0.1310035341106021,0.14661427499966254,-0.39054908140548467,-0.364950609532608,-0.2883194041644336,-0.2836543144655877,-0.2807881773399015,-0.08297371103415149,-0.29180695999251005,-0.3837676019240304,-0.06225979440630582,-0.005132526232905873,-0.35733075978132484,-0.29180695999251005,0.7994899419722796,0.7723802871999103,1.0,0.9032978393018292,0.6266819663109234,0.6400038975176983,0.39869425229422034,-0.22061648822907917,0.38049027802218993,0.38049027802218993,0.38049027802218993,-0.2764377597914668,0.6808829066491902,0.5459208336840117,0.3856206131514019,0.013507348307885126,-0.028653412753062716,0.6808829066491902,0.6808829066491902,0.5774391401620893,0.5738636312317602,0.46285150431787664,0.32574562192149553,0.4057828651203139,0.5486541735299786,-0.24153943453179375,-0.37527156206035645,-0.15869970490407515,-0.045305023518296864,-0.346336870460059,0.39057707675202474,-0.179962003106182,0.013507348307885103,-0.19682136105775472,0.2555743594356589,0.2190617367342457,-0.331236876477481,-0.2836543144655877,0.5949692591421616,0.3434235030980641,0.46024195821168046,0.1919676994194429,-0.373703303184822
LA,0.35832329778921707,-0.10705982663392775,0.8362105717465858,-0.1345726220504978,0.7851579103256668,0.7081428356340436,0.9067847870150592,0.8034835023445709,0.8272552035973689,-0.2587892291938321,-0.051803552809481755,0.09938846815916408,-0.48537432020340465,-0.47056375139921874,-0.2931736072820866,-0.44409059673745516,-0.41575076152708956,-0.268808888452274,-0.42260104163537127,-0.48233247953716324,-0.09496201912408112,-0.15134921564304568,-0.4607387915542296,-0.42260104163537127,0.8413090463359455,0.6748779114210662,0.9032978393018292,1.0,0.8249729163868955,0.70319087315876,0.49549713695369174,-0.36948607544737266,0.5382904882019912,0.5382904882019912,0.5382904882019912,-0.28109192116955933,0.8362105717465858,0.7065062657651136,0.6488949627352076,0.032047775022290524,0.05827165467480648,0.8362105717465858,0.8362105717465858,0.8034835023445709,0.7677964658299455,0.5073177360390334,0.3831875780196155,0.6732134685736805,0.7831937310538204,-0.23492751722033903,-0.4663874222190331,-0.08313082674433955,-0.1842711517991869,-0.35589451133451144,0.47989310016886244,-0.29082637969904096,0.07783031076842,-0.32963425737213164,0.45306035668790606,0.4323968723150139,-0.3688911369027788,-0.12361284651454942,0.8129503144369813,0.5049661540845204,0.729194786406409,0.22685371235197171,-0.3067429894990669
PA,0.34635474918653736,-0.5080805320717152,0.9464696355640229,-0.07154272935889618,0.6804881535865359,0.6736820437520833,0.8549978044505122,0.9747901984027697,0.7178230328774071,-0.5327562056551829,-0.08655516260519384,0.052837807353104546,-0.47854531372173903,-0.4840598981965228,-0.17317737459326865,-0.5241069231528833,-0.420746815908467,-0.4610564662322357,-0.4875752668057087,-0.4819187497721558,-0.35900144350248075,-0.29780061051405066,-0.4739531506023682,-0.4875752668057087,0.7236637765852107,0.47418338530557713,0.6266819663109234,0.8249729163868955,1.0,0.5712040084594318,0.6226308028152723,-0.4770432416895303,0.7333129759286869,0.7333129759286869,0.7333129759286869,-0.02717030191888751,0.9464696355640229,0.9121697993259277,0.7784917908529435,0.24826117412505,0.15489455270219749,0.9464696355640229,0.9464696355640229,0.9747901984027697,0.8816752506454788,0.16680543977248394,0.0828665850888378,0.7850707648228175,0.6730342101146455,-0.2384346061118184,-0.6236196227622212,-0.4211501724592176,-0.5877835004303191,-0.4418059616196709,0.2815174216563799,-0.4412516040377495,0.004867866159314662,-0.4255905842143714,0.4670485083699531,0.4040223474469152,-0.4604398828395519,-0.0876215908676647,0.7588418768358809,0.5422518423730608,0.7058905582021249,0.4431424068233746,-0.24826117412504992
EPv,0.586601332759742,0.07389209982710224,0.5088831022651474,-0.5192907868894986,0.9505188199512584,0.9747842274534045,0.7702452851544084,0.5829988340034978,0.3587685132329218,0.02832963498350372,-0.29509092104873924,0.3835216632603559,-0.04540532049853046,-0.019683666479473932,0.2514005711827466,0.023555508444585753,0.10308787611023326,0.21199957600127195,0.0462621002059225,-0.037411689882577405,-0.1628625855497983,0.32222264811406387,-0.01927268872738839,0.0462621002059225,0.8754486895544354,0.7513174354941028,0.6400038975176983,0.70319087315876,0.5712040084594318,1.0,0.7118385830125241,0.10184130213763484,0.3461938579263324,0.3461938579263324,0.3461938579263324,-0.3944296671351375,0.5088831022651474,0.3461938579263324,0.696289815759559,-0.31799936400190804,-0.22485950669875845,0.5088831022651474,0.5088831022651474,0.5829988340034978,0.395037885949981,0.7652374193761804,0.5179451230911266,0.7542017135482397,0.7451998360560541,0.2380816619273752,-0.1636093230076346,-0.10063888333727339,-0.05925568289249713,-0.019173904434025602,0.553417010780907,0.09667279495364521,0.0942220337783431,0.09085696114340229,0.04733064986016326,0.01123595505617977,-0.41260361519920197,-0.26499947000159013,0.31005474421719587,0.05816629025259644,0.5039690908436133,0.2985814068412969,-0.5064434315585942
