Abbr.,SI,MS,NDB,LSr.m.v,LSr.m.d,LSr.dl,LSc.d,LSv,MEAad,MEApv,MEApd,COApm,COApl,TR,ENTm,ENTl,ILA,PL,ACAv,ACAd,RSPv,RSPv.a,RSPv.b/c,RSPd,RSPagl,ORBv,ORBvl,ORBm,ORBl,MOs,PERI,ECT,TEa,VISp,VISam,VISpm,BMAa,BMAp,BLAa,BLAp,LA,PA,EPv,EPd,CLA,ADP,DMHa,DMHp,DMHv,PH,AHNc,AHNp,PMv,TM,SUMm,SUMl,RCH,LHAa,LHAjvv,LHAsfa,REr,REc,PVT,PT,AV,AD,AMv,AMd,IAM,LD,PR,SMT,RH,CM,VAL,VM,LP,RL,IF,CS,DR,SNc,SNr,VTA,RR,PAGvm,NI,LC
SI,1.0,0.3952847075210475,-0.4436069753671345,0.7637626158259732,-0.40824829046386285,0.37500000000000006,-0.24999999999999994,0.37500000000000006,0.8807048459279793,0.82915619758885,1.0,0.9342616483545746,0.8749999999999998,0.7307692307692308,-0.20044593143431827,-0.044901325506693686,0.30151134457776363,-0.23426064283290912,-0.3212647026585896,-0.3249668418098408,-0.20761369963434995,-1.097135458930219e-17,-0.3518518518518519,-0.2228712470801047,-0.3095238095238096,-0.3273268353539886,-0.23426064283290918,-0.32352941176470595,-0.23426064283290918,-0.20761369963434995,-0.12803687993289598,-0.0633300496381124,-0.25000000000000006,-0.31818181818181823,-0.24687096555050939,-0.3273268353539886,0.9370425713316365,0.6882472016116852,0.43102182834951824,0.4862645390838646,0.7416770790872964,0.8324051132428146,0.741998516004452,0.6246950475544243,-0.3202563076101743,0.37500000000000006,0.6123724356957945,0.6123724356957945,0.6123724356957945,-0.3100868364730211,0.7637626158259732,0.6123724356957945,1.0,0.9684747092264969,-0.11111111111111106,4.9065389333867966e-17,0.7637626158259732,0.7637626158259732,0.8749999999999998,0.7453559924999299,0.519191585255856,0.4728662437434603,0.9223309842157772,0.911322376865767,0.04319342127906792,-0.34299717028501764,0.1561737618886061,-0.178017248729078,-0.2795084971874737,-0.2034970342407606,0.6024144966768741,0.37500000000000006,-0.13878402750067526,0.37500000000000006,0.1561737618886061,0.16666666666666663,-0.28571428571428575,0.36279462192086587,0.31799936400190804,-0.583874208121142,-0.25,0.6022163014102246,0.37500000000000006,0.4267975325947847,0.8364283610093427,-0.23426064283290904,0.4481290797651359,-0.44444444444444436
MS,0.3952847075210475,1.0,0.1002006020070252,0.3450327796711772,1.688099185943042e-16,8.143183184059848e-17,-0.19764235376052358,0.3952847075210475,0.5063696835418333,0.5959141182784952,0.3952847075210475,0.361092690364237,0.2964635306407856,0.12162606385263006,0.3697549864437259,0.21298568784264937,0.11918282365569899,-0.3703985987435963,-0.4402355499610878,-0.4037139009163589,-0.5908789478687516,-0.1875000000000001,-0.3513641844631535,-0.2883194041644337,-0.1505846504842087,-0.3450327796711773,-0.6173309979059937,-0.4185367491399327,-0.6173309979059937,-0.5908789478687516,-0.35427714445327574,-0.1668893343232979,-8.679560519536844e-17,-0.35934973411004323,-0.6133871380250221,-0.3450327796711773,0.49386479832479485,0.45342265631875733,0.3786140830096142,0.3844258722192448,0.35832329778921707,0.34635474918653736,0.586601332759742,0.7407971974871922,-0.25318484177091677,8.143183184059848e-17,0.6454972243679029,0.6454972243679029,0.6454972243679029,0.19611613513818418,0.3450327796711772,0.1613743060919758,0.3952847075210475,0.5326236412913075,0.17568209223157674,0.3913118960624633,0.3450327796711772,0.3450327796711772,0.2964635306407856,0.117851130197758,0.11727342510014278,0.031152799142451632,0.4583333333333334,0.3602317991967706,-0.2390317845598171,-0.5423261445466405,-0.2469323991623974,-0.37529331252040077,-0.44194173824159233,-0.5362617710750642,0.19050019050028577,-0.1976423537605236,-0.2821330476987297,-0.1976423537605236,-0.2469323991623974,1.993806661167015e-17,-0.33881546358946935,0.39712753666024203,0.3352007615769955,-0.06154574548966639,-0.3952847075210474,0.1360267968956273,0.1976423537605238,0.48201867954981187,0.4176345347922785,6.183606346714749e-17,0.5061102063618225,1.1930332249700458e-16
NDB,-0.4436069753671345,0.1002006020070252,1.0,-0.37338291614026003,-0.07761505257063332,-0.2851759127360151,0.1901172751573433,-0.12674485010489558,-0.11162480368379679,-0.057322515260151155,-0.4436069753671345,-0.31576760687854194,-0.5861949317351419,-0.28761331369957077,0.5335152802093557,-0.07967416479199846,-0.22929006104060504,0.5245468310835593,0.2578847616888929,0.24712724192549743,0.13156983619939247,0.1002006020070253,0.34972190121536,0.28504580829348636,0.43153603726190637,0.3180669285639252,0.029691330061333534,0.2273951722470185,0.029691330061333534,0.13156983619939247,0.5030684698047958,0.5966556518731824,0.19011727515734336,0.15555049785600814,-0.05810930083019319,0.3180669285639252,-0.366193070756447,-0.08723178840338681,0.06676975192078614,0.1566467955486727,-0.10705982663392775,-0.5080805320717152,0.07389209982710224,-0.22763353047022372,0.2942835733481918,-0.2851759127360151,-0.3363318944727442,-0.3363318944727442,-0.3363318944727442,-0.2751133672579203,-0.37338291614026003,-0.5950487363748551,-0.4436069753671345,-0.44296443885467196,-0.37319316975330363,-0.3136775004637546,-0.37338291614026003,-0.37338291614026003,-0.5861949317351419,-0.6140552180372304,0.3102229097737469,0.189788977079278,-0.3340020066900843,-0.19800928809100937,0.2135072045157902,0.3695215619405121,0.029691330061333534,0.39860892794380126,0.6376727264232777,0.22639820966991595,0.101803913443102,-0.1267448501048956,0.4070865776470484,-0.1267448501048956,0.029691330061333534,0.2605310807711742,0.5341390111563457,-0.1874665037410606,-0.14106673603355882,0.4193506109344297,-0.25348970020979117,-0.23988741810931397,0.031686212526223896,-0.22796921202414658,-0.2734019144600536,0.2276335304702239,-0.3002182803673781,-0.049289663929681635
LSr.m.v,0.7637626158259732,0.3450327796711772,-0.37338291614026003,1.0,-0.08908708063747468,0.7637626158259732,0.21821789023599247,0.7637626158259732,0.628970902033151,0.592156525463792,0.7637626158259732,0.8154904233293434,0.8728715609439696,0.7889416031608955,-0.554051251343814,0.03919309008348105,0.06579516949597684,-0.3067191794659486,-0.4206342337287049,-0.42548147169838163,-0.27183014110978115,-0.1725163898355886,-0.46068221272042836,-0.3802333115053919,-0.40526179615255725,-0.4285714285714285,-0.3067191794659487,-0.4235994339875146,-0.3067191794659487,-0.27183014110978115,-0.30733931592491187,-0.2671818298643447,-0.32732683535398854,-0.4165977904505309,-0.32322996757772704,-0.4285714285714285,0.7156780854205469,0.6508140266182866,0.355325212995014,0.6808829066491902,0.8362105717465858,0.9464696355640229,0.5088831022651474,0.647518267761447,-0.4193139346887673,0.7637626158259732,0.8017837257372732,0.8017837257372732,0.8017837257372732,-0.13533299049019168,1.0,0.8017837257372732,0.7637626158259732,0.7167132003459626,0.21821789023599236,0.15430334996209194,1.0,1.0,0.8728715609439696,0.8132500607904443,0.1402723429253879,0.10318787407351647,0.6900655593423541,0.6250100886998496,-0.22621385432622337,-0.5426488617097118,0.03407990882954987,-0.36256778547056945,-0.48795003647426655,-0.36512170195735777,0.2629152410248094,0.2182178902359924,-0.39803350093255985,0.2182178902359924,0.03407990882954987,-0.024246432248443608,-0.3740878118331298,0.5968070111141933,0.5320141523681087,-0.25482359571881275,-0.2182178902359924,0.8510644963469901,0.21821789023599236,0.6253340406679675,0.7108815151685565,-0.3067191794659486,0.5867386940384682,-0.2182178902359923
LSr.m.d,-0.40824829046386285,1.688099185943042e-16,-0.07761505257063332,-0.08908708063747468,1.0,0.10206207261596587,0.6123724356957946,0.10206207261596582,-0.5229763603684906,-0.49236596391733084,-0.40824829046386285,-0.2542738138578038,-0.10206207261596564,-0.06280742930213268,0.08183170883849716,0.4766031238193982,-0.7385489458759965,-0.382546027838003,-0.5246230625870019,-0.5306686305052325,-0.3390317518104052,-0.6454972243679028,-0.5745716680602516,-0.6948083337796512,-0.5054502643838304,-0.5345224838248487,-0.38254602783800307,-0.5283213170708816,-0.38254602783800307,-0.3390317518104052,-0.20908334939572665,-0.7066865096598595,-0.4082482904638631,-0.5195887333176439,-0.4031385986046347,-0.5345224838248487,-0.3825460278380029,-0.2809757434745081,-0.2737216604520212,-0.19851666679418598,-0.1345726220504978,-0.07154272935889618,-0.5192907868894986,-0.25503068522533534,-0.5229763603684908,0.10206207261596587,0.16666666666666669,0.16666666666666669,0.16666666666666669,0.7595545253127499,-0.08908708063747471,0.16666666666666669,-0.40824829046386285,-0.30942637387763805,0.7257747386024231,0.7216878364870322,-0.08908708063747471,-0.08908708063747471,-0.10206207261596564,1.0134903240813527e-16,-0.6661570994694825,-0.6756639246921762,-0.3227486121839513,-0.37204580241691354,-0.7229792562550632,-0.5601120336112039,0.25503068522533534,-0.048450158311150925,-0.45643546458763845,-0.5169255239135973,-0.5738476063109588,0.10206207261596587,-0.7122762990619939,0.10206207261596587,0.25503068522533534,-0.18144368465060576,-0.46656947481584343,0.47851014891726423,0.5192907868894986,0.47673129462279606,0.6123724356957945,0.16390251702679645,0.10206207261596582,0.44804407642975475,-0.07188851546895891,0.5738190417570045,-0.31362502409359005,0.8618575020903776
LSr.dl,0.37500000000000006,8.143183184059848e-17,-0.2851759127360151,0.7637626158259732,0.10206207261596587,1.0,0.37500000000000017,0.37500000000000017,0.28022426915890253,0.07537783614444087,0.3750000000000001,0.5190342490858748,0.5625,0.7307692307692308,-0.5345224838248487,0.40411192956024355,-0.07537783614444094,-0.23426064283290912,-0.3212647026585896,-0.32496684180984087,-0.20761369963434995,-0.3952847075210475,-0.35185185185185197,-0.42548147169838174,-0.3095238095238096,-0.3273268353539886,-0.23426064283290918,-0.32352941176470595,-0.23426064283290918,-0.20761369963434995,-0.288082979849016,-0.37998029782867426,-0.25000000000000006,-0.31818181818181823,-0.24687096555050939,-0.3273268353539886,0.15617376188860604,0.401477534273483,0.19156525704423039,0.5875696513930032,0.6386663736585051,0.613351136073653,0.07949984100047698,0.23426064283290904,-0.3202563076101743,1.0,0.6123724356957946,0.6123724356957946,0.6123724356957946,5.163983182282858e-17,0.7637626158259732,0.6123724356957946,0.3750000000000001,0.33686076842660756,0.4444444444444445,0.35355339059327384,0.7637626158259732,0.7637626158259732,0.5625,0.7453559924999299,-0.09889363528682982,-0.1182165609358651,0.1317615691736825,0.2603778219616477,-0.49672434470928206,-0.4501837859990857,0.1561737618886061,-0.32636495600330967,-0.2795084971874738,-0.20349703424076057,-0.10040241611281228,0.3750000000000001,-0.5353098203597474,0.3750000000000001,0.1561737618886061,-0.3888888888888888,-0.28571428571428575,0.6418674080138398,0.582998834003498,3.241152946704363e-17,5.551115123125783e-17,0.7456011350793258,-0.24999999999999997,0.5792252228072079,0.3962029078465308,-0.23426064283290904,0.44812907976513594,0.11111111111111117
LSc.d,-0.24999999999999994,-0.19764235376052358,0.1901172751573433,0.21821789023599247,0.6123724356957946,0.37500000000000017,1.0,0.3750000000000001,-0.32025630761017426,-0.3015113445777636,-0.24999999999999994,2.881218869520834e-17,-0.06249999999999994,0.34615384615384615,-0.20044593143431824,0.17960530202677485,-0.45226701686664555,-0.23426064283290912,-0.3212647026585896,-0.3249668418098408,-0.20761369963434995,-0.3952847075210475,-0.3518518518518519,-0.42548147169838163,-0.3095238095238096,-0.3273268353539886,-0.23426064283290918,-0.32352941176470595,-0.23426064283290918,-0.20761369963434995,0.1920553198993439,-0.3799802978286742,-0.25000000000000006,-0.31818181818181823,-0.24687096555050939,-0.3273268353539886,-0.23426064283290904,-0.1720618004029213,-0.28734788556634533,0.1823492021564492,0.22662355194334055,0.06571619315074854,-0.31799936400190804,-0.15617376188860607,-0.3202563076101743,0.3750000000000001,0.1020620726159658,0.1020620726159658,0.1020620726159658,8.606638637138095e-17,0.21821789023599236,0.10206207261596577,-0.24999999999999994,-0.29475317237328164,0.16666666666666666,0.17677669529663692,0.21821789023599236,0.21821789023599236,-0.06249999999999994,2.0687784610393942e-17,-0.22251067939536695,-0.11821656093586512,-0.13176156917368242,-0.06509445549041191,-0.28075723831394206,-0.12862393885688167,0.5466081666101211,0.4153735803678486,-4.6547515373386365e-17,-0.2034970342407606,-0.10040241611281231,0.3750000000000001,-0.23791547571544325,0.3750000000000001,0.5466081666101211,0.16666666666666669,-0.28571428571428575,0.5023310149673528,0.582998834003498,0.5838742081211422,0.25,0.6022163014102246,0.3750000000000001,0.4267975325947847,0.17609018126512477,0.5466081666101211,-0.19205531989934396,0.38888888888888895
LSv,0.37500000000000006,0.3952847075210475,-0.12674485010489558,0.7637626158259732,0.10206207261596582,0.37500000000000017,0.3750000000000001,1.0,0.28022426915890253,0.4522670168666454,0.37500000000000006,0.41522739926869984,0.5625,0.34615384615384615,-0.5345224838248486,-0.2694079530401623,-0.07537783614444094,-0.23426064283290912,-0.3212647026585896,-0.3249668418098408,-0.20761369963434995,-1.097135458930219e-17,-0.3518518518518519,-0.2228712470801047,-0.3095238095238096,-0.3273268353539886,-0.23426064283290918,-0.32352941176470595,-0.23426064283290918,-0.20761369963434995,-0.28808297984901593,-0.16888013236829968,-0.25000000000000006,-0.31818181818181823,-0.24687096555050939,-0.3273268353539886,0.5466081666101211,0.40147753427348304,0.19156525704423033,0.4862645390838646,0.5356556682297141,0.7228781246582338,0.344499311002067,0.6246950475544243,-0.3202563076101743,0.37500000000000006,0.6123724356957945,0.6123724356957945,0.6123724356957945,5.163983182282857e-17,0.7637626158259732,0.6123724356957945,0.37500000000000006,0.33686076842660767,0.16666666666666666,4.9065389333867966e-17,0.7637626158259732,0.7637626158259732,0.5625,0.37267799624996495,-0.09889363528682973,-0.11821656093586512,0.5270462766947298,0.26037782196164777,-0.06479013191860204,-0.4501837859990857,-0.23426064283290904,-0.3263649560033097,-0.5590169943749473,-0.42960485006382787,0.10040241611281236,-0.24999999999999997,-0.23791547571544325,-0.24999999999999997,-0.23426064283290904,0.16666666666666663,-0.28571428571428575,0.36279462192086587,0.31799936400190804,-2.160768631136242e-17,-0.25,0.6022163014102246,0.37500000000000006,0.4267975325947847,0.3962029078465307,-0.23426064283290904,0.4481290797651359,-0.16666666666666657
MEAad,0.8807048459279793,0.5063696835418333,-0.11162480368379679,0.628970902033151,-0.5229763603684906,0.28022426915890253,-0.32025630761017426,0.28022426915890253,1.0,0.9414688716912718,0.8807048459279793,0.8976095575314934,0.7205766921228921,0.5666073134641545,-0.04279604925109131,-0.12941939442218645,0.38624363966821407,-0.05001563232803552,-0.1371827299185605,-0.11894020669001054,-0.2659583874167388,0.12659242088545833,-0.094890757810422,-0.025954880968126932,0.06100120144955702,-0.06988565578146119,-0.30009379396821323,-0.13187024431007172,-0.30009379396821323,-0.2659583874167388,-0.1640184736209459,0.18929724667346193,0.08006407690254361,-0.11645683913097246,-0.3162479355334587,-0.06988565578146119,0.8252579334125864,0.8816620300447741,0.7055247917048599,0.6553607444452058,0.7851579103256668,0.6804881535865359,0.9505188199512584,0.6752110364284797,-0.025641025641025616,0.28022426915890253,0.4576043153224294,0.4576043153224294,0.4576043153224294,-0.3972290611494787,0.628970902033151,0.4576043153224294,0.8807048459279793,0.8360838405314928,-0.2312962221629036,-0.11322770341445956,0.628970902033151,0.628970902033151,0.7205766921228921,0.5967623950328608,0.7442757963530224,0.5426542566862709,0.801751998941236,0.8547233084114206,0.12449669050696546,-0.2334248904619631,0.07502344849205334,-0.13302600912742518,-0.08951435925492904,-0.04344747253037812,0.5787811270697318,0.28022426915890253,-0.019048482943986467,0.28022426915890253,0.07502344849205334,0.03558403417890822,-0.02287545054358385,0.19662460406296353,0.15276195320645222,-0.49863839467117715,-0.24019223070763068,0.45001499450202004,0.2802242691589025,0.20502690282890804,0.648530899471314,-0.30009379396821323,0.36904156564712837,-0.4803844614152614
MEApv,0.82915619758885,0.5959141182784952,-0.057322515260151155,0.592156525463792,-0.49236596391733084,0.07537783614444087,-0.3015113445777636,0.4522670168666454,0.9414688716912718,1.0,0.82915619758885,0.8137725144837183,0.6784005252999681,0.41747724633844185,-0.04029114820126903,-0.3249182166443294,0.3636363636363636,-0.047088160934801095,-0.12915326995195567,-0.11197850219117086,-0.25039154291806714,0.23836564731139806,-0.08933669468970772,0.03665356874991562,0.05743073230052642,-0.06579516949597687,-0.28252896560880664,-0.12415173012025557,-0.28252896560880664,-0.25039154291806714,-0.15441828729643656,0.24186655996847442,0.07537783614444095,-0.1096404889373686,-0.2977375870413794,-0.06579516949597687,0.894675057761221,0.8300573566392894,0.664229629596594,0.5864570999986501,0.7081428356340436,0.6736820437520833,0.9747842274534045,0.7534105749568178,-0.024140227479263355,0.07537783614444087,0.4308202184276646,0.4308202184276646,0.4308202184276646,-0.37397879600338285,0.592156525463792,0.4308202184276646,0.82915619758885,0.7871469099844898,-0.30151134457776363,-0.21320071635561041,0.592156525463792,0.592156525463792,0.6784005252999681,0.4494665749754947,0.7007124942196027,0.5108920907608892,0.8740073734751262,0.8046953887783311,0.24744282400854598,-0.2197622682478831,-0.04708816093480111,-0.12523984671878988,-0.1685499656158105,-0.10907851450936697,0.6054493496206034,0.07537783614444087,0.07173421497882153,0.07537783614444087,-0.04708816093480111,0.2010075630518424,-0.021536524612697377,0.10097233316394613,0.06392027721005929,-0.46945252681302013,-0.3015113445777637,0.380442955126341,0.4522670168666454,0.14706776904585755,0.6105716541821836,-0.2825289656088066,0.3474411464169823,-0.5360201681382465
MEApd,1.0,0.3952847075210475,-0.4436069753671345,0.7637626158259732,-0.40824829046386285,0.3750000000000001,-0.24999999999999994,0.37500000000000006,0.8807048459279793,0.82915619758885,1.0,0.9342616483545746,0.8749999999999998,0.7307692307692308,-0.20044593143431827,-0.044901325506693686,0.30151134457776363,-0.23426064283290912,-0.3212647026585896,-0.3249668418098408,-0.20761369963434995,-1.097135458930219e-17,-0.3518518518518519,-0.2228712470801047,-0.3095238095238096,-0.3273268353539886,-0.23426064283290918,-0.32352941176470595,-0.23426064283290918,-0.20761369963434995,-0.12803687993289598,-0.0633300496381124,-0.25000000000000006,-0.31818181818181823,-0.24687096555050939,-0.3273268353539886,0.9370425713316365,0.6882472016116852,0.43102182834951824,0.4862645390838646,0.7416770790872964,0.8324051132428146,0.741998516004452,0.6246950475544243,-0.3202563076101743,0.37500000000000006,0.6123724356957945,0.6123724356957945,0.6123724356957945,-0.3100868364730211,0.7637626158259732,0.6123724356957945,1.0,0.9684747092264969,-0.11111111111111106,4.9065389333867966e-17,0.7637626158259732,0.7637626158259732,0.8749999999999998,0.7453559924999299,0.519191585255856,0.4728662437434603,0.9223309842157772,0.911322376865767,0.04319342127906792,-0.34299717028501764,0.1561737618886061,-0.178017248729078,-0.2795084971874737,-0.2034970342407606,0.6024144966768741,0.37500000000000006,-0.13878402750067526,0.37500000000000006,0.1561737618886061,0.16666666666666663,-0.28571428571428575,0.36279462192086587,0.31799936400190804,-0.583874208121142,-0.25,0.6022163014102246,0.37500000000000006,0.4267975325947847,0.8364283610093427,-0.23426064283290904,0.4481290797651359,-0.44444444444444436
COApm,0.9342616483545746,0.361092690364237,-0.31576760687854194,0.8154904233293434,-0.2542738138578038,0.5190342490858748,2.881218869520834e-17,0.41522739926869984,0.8976095575314934,0.8137725144837183,0.9342616483545746,1.0,0.8823582234459871,0.8304547985373998,-0.22194838080923765,-8.279714964248517e-18,0.18779365718855034,-0.25939049993206037,-0.3913005270878243,-0.38552896163789474,-0.3448275862068965,-0.13130643285972257,-0.39984860670319244,-0.336517266533977,-0.27681826617913324,-0.36244018814637485,-0.3890857498980906,-0.3908022581352469,-0.3890857498980906,-0.3448275862068965,-0.13291105166253794,-0.12271640176502494,-0.20761369963434992,-0.37747945388063625,-0.41003035592196324,-0.36244018814637485,0.8430191247791962,0.809707437474345,0.5568020043090102,0.6730345330679539,0.9067847870150592,0.8549978044505122,0.7702452851544084,0.5836286248471356,-0.3324479842709235,0.5190342490858748,0.5933055656682091,0.5933055656682091,0.5933055656682091,-0.30901572157476287,0.8154904233293434,0.6780635036208105,0.9342616483545746,0.8742113799339751,-0.04613637769652218,0.05872202195147033,0.8154904233293434,0.8154904233293434,0.8823582234459871,0.8046797987672248,0.574886857781287,0.4581430480469644,0.8534918135881966,0.9189860496432602,-0.08967545991612366,-0.4094627410501674,0.3242381249150755,-0.07391763921474433,-0.23211917272131485,-0.2253267847644922,0.550305810421183,0.5190342490858748,-0.24697256056774752,0.5190342490858748,0.3242381249150755,0.09227275539304441,-0.2965909994776427,0.46351466870422275,0.44014016294537617,-0.45255572868466515,-0.08304547985373997,0.7620775882111483,0.4152273992686999,0.4810203657141402,0.8408508820399244,-0.12969524996603018,0.3189865239900911,-0.3229546438756555
COApl,0.8749999999999998,0.2964635306407856,-0.5861949317351419,0.8728715609439696,-0.10206207261596564,0.5625,-0.06249999999999994,0.5625,0.7205766921228921,0.6784005252999681,0.8749999999999998,0.8823582234459871,1.0,0.7115384615384616,-0.46770717334674256,-0.06735198826004048,0.07537783614444085,-0.3513909642493636,-0.48189705398788424,-0.4874502627147611,-0.31142054945152486,-0.19764235376052375,-0.5277777777777777,-0.43561198292929537,-0.46428571428571425,-0.49099025303098276,-0.3513909642493636,-0.48529411764705876,-0.3513909642493636,-0.31142054945152486,-0.35210141981546383,-0.30609523991754306,-0.37499999999999994,-0.47727272727272724,-0.3703064483257641,-0.49099025303098276,0.8199122499151819,0.7456011350793258,0.5268044568716334,0.5774391401620893,0.8034835023445709,0.9747901984027697,0.5829988340034978,0.5466081666101211,-0.48038446141526137,0.5625,0.6634034720037774,0.6634034720037774,0.6634034720037774,3.442655454855238e-17,0.8728715609439696,0.9185586535436917,0.8749999999999998,0.8210981230398561,0.24999999999999994,0.17677669529663692,0.8728715609439696,0.8728715609439696,1.0,0.9316949906249123,0.22251067939536698,0.11821656093586515,0.7905694150420948,0.7160390103945311,-0.25916052767440806,-0.6216823711415944,0.03904344047215154,-0.41537358036784866,-0.5590169943749473,-0.4182994592726744,0.30120724833843715,0.25000000000000006,-0.4560046617879328,0.25000000000000006,0.03904344047215154,-0.02777777777777779,-0.4285714285714285,0.4046555398348119,0.344499311002067,-0.5838742081211421,0.0,0.6882472016116852,0.24999999999999997,0.48776860867975397,0.704360725060499,-0.35139096424936356,0.3521014198154639,-0.2499999999999999
TR,0.7307692307692308,0.12162606385263006,-0.28761331369957077,0.7889416031608955,-0.06280742930213268,0.7307692307692308,0.34615384615384615,0.34615384615384615,0.5666073134641545,0.41747724633844185,0.7307692307692308,0.8304547985373998,0.7115384615384616,1.0,-0.23642340630714462,0.2348684718811672,0.046386360704271316,-0.3964410878710769,-0.5436787275760746,-0.5499438861397306,-0.3513462609196691,-0.4256912234842049,-0.5669515669515671,-0.5330207447650056,-0.5238095238095238,-0.5539377213682884,-0.39644108787107696,-0.5475113122171947,-0.39644108787107696,-0.3513462609196691,0.128036879932896,-0.33451256988336275,-0.4230769230769232,-0.5384615384615384,-0.41778163400855434,-0.5539377213682884,0.5646282160588064,0.4588314677411235,0.2136689405493338,0.6202989953698016,0.8272552035973689,0.7178230328774071,0.3587685132329218,0.27630742487984145,-0.5419722128787565,0.7307692307692308,0.565266863719195,0.565266863719195,0.565266863719195,-0.3339396700478689,0.7889416031608955,0.565266863719195,0.7307692307692308,0.6672434451527034,0.025641025641025612,0.1631784879661264,0.7889416031608955,0.7889416031608955,0.7115384615384616,0.74535599249993,0.3461277235039041,0.43649191730165565,0.6081303192631499,0.7911479974988529,-0.25916052767440806,-0.34959326971357574,0.5646282160588064,0.10954907614097105,-0.08600261451922271,-0.30959377858850756,0.5251818688977877,0.7307692307692308,-0.28061825340795865,0.7307692307692308,0.5646282160588064,0.19658119658119655,-0.4835164835164836,0.6568944041880768,0.6604602175424242,-0.2694804037482194,-0.1538461538461538,0.9088392534103025,0.3461538461538462,0.6988223335892629,0.873678207046196,0.08409356409386481,0.2659227506298608,-0.19658119658119647
ENTm,-0.20044593143431827,0.3697549864437259,0.5335152802093557,-0.554051251343814,0.08183170883849716,-0.5345224838248487,-0.20044593143431824,-0.5345224838248486,-0.04279604925109131,-0.04029114820126903,-0.20044593143431827,-0.22194838080923765,-0.46770717334674256,-0.23642340630714462,1.0,0.3240103684976904,-0.161164592805076,0.02086959677824204,-0.17172320683032077,-0.1674984376075945,-0.22194838080923765,-0.26411070460266145,-0.08413779837983737,-0.12454467858796274,0.006363362902676763,-0.11664236870396089,-0.2921743548953888,-0.18079436952899294,-0.2921743548953888,-0.22194838080923765,0.41063154649749295,0.11847967401660177,-0.03340765523905306,-0.19437181229994505,-0.339320781489335,-0.11664236870396089,-0.1878263710041784,-0.21459876881973797,-0.03839847637868534,-0.1786945388435986,-0.2587892291938321,-0.5327562056551829,0.02832963498350372,-0.22956556456066254,-0.09629111081495542,-0.5345224838248489,-0.19094065395649326,-0.19094065395649326,-0.19094065395649326,0.0828741930164745,-0.5540512513438142,-0.6000991981489789,-0.2004459314343182,-0.06752237049095149,-0.16332631450203716,0.18898223650461357,-0.5540512513438142,-0.5540512513438142,-0.4677071733467426,-0.49801192055599725,0.218051095217938,0.22116293423234581,-0.14085904245475267,0.03479445003196112,-0.08080749189443173,0.06875238727711583,0.2295655645606626,0.3330397768401644,0.373508940416998,-0.13294568245855318,0.21466939537054602,0.1336306209562122,0.12717117101978923,0.1336306209562122,0.2295655645606626,0.28210908868533696,0.009545044354015144,-0.007458533939516831,0.042494452475255524,0.10403129732205982,-0.13363062095621225,-0.39854057066522774,0.13363062095621225,0.05703321930322032,0.02353104026675067,0.5426095162342934,-0.3250833076438486,0.16332631450203705
ENTl,-0.044901325506693686,0.21298568784264937,-0.07967416479199846,0.03919309008348105,0.4766031238193982,0.40411192956024355,0.17960530202677485,-0.2694079530401623,-0.12941939442218645,-0.3249182166443294,-0.044901325506693686,-8.279714964248517e-18,-0.06735198826004048,0.2348684718811672,0.3240103684976904,1.0,-0.35199473469802345,-0.2524467210539465,-0.34620506370922793,-0.3501946066316617,-0.2237311273663412,-0.5679618342470648,-0.37916674872319145,-0.5312921105596637,-0.3335527037640105,-0.35273781075132915,-0.25244672105394644,-0.3486455862872689,-0.25244672105394644,-0.2237311273663412,-0.19546687117276643,-0.5232229838606957,-0.26940795304016235,-0.34288284932384294,-0.2660360059760446,-0.35273781075132915,-0.2524467210539466,-0.1854192697718241,-0.30965522264339174,-0.1310035341106021,-0.051803552809481755,-0.08655516260519384,-0.29509092104873924,-0.02804963567266081,-0.34511838512583043,0.40411192956024367,0.4766031238193981,0.4766031238193981,0.4766031238193981,0.44554591935411303,0.039193090083481014,-0.07332355751067668,-0.044901325506693686,0.13612945512202265,0.578728195419608,0.8255008255012383,0.039193090083481014,0.039193090083481014,-0.06735198826004059,0.1338698881504165,-0.3729982459185525,-0.33971713810324305,-0.23665076426961035,-0.07014785603174338,-0.6516524678493258,-0.40812723115732447,0.308545992399268,-0.13854898080383338,-0.20080483222562467,-0.21929487777818846,-0.3606561254031919,0.40411192956024367,-0.6124759591755962,0.40411192956024367,0.308545992399268,-0.4190790380624747,-0.3078948034744713,0.7418196900984952,0.7234487096678769,0.4194676139809671,0.17960530202677497,0.1854192697718241,-0.2694079530401623,0.6241915265028871,0.18976038114043367,0.44879417076257155,0.25295712740005066,0.7184212081070996
ILA,0.30151134457776363,0.11918282365569899,-0.22929006104060504,0.06579516949597684,-0.7385489458759965,-0.07537783614444094,-0.45226701686664555,-0.07537783614444094,0.38624363966821407,0.3636363636363636,0.30151134457776363,0.18779365718855034,0.07537783614444085,0.046386360704271316,-0.161164592805076,-0.35199473469802345,1.0,-0.18835264373920446,0.3228831748798892,0.391924757669098,-0.12519577145903357,0.4767312946227961,0.42434929977611174,0.5131499624988188,0.4450881753290795,0.39477101697586137,0.047088160934801095,0.39019115180651753,0.047088160934801095,-0.12519577145903357,-0.13511600138438204,0.20367710313134688,0.6784005252999682,0.5207923224525007,0.19140273452660106,0.39477101697586137,0.28252896560880664,0.2075143391598224,0.2021568437902677,0.14661427499966254,0.09938846815916408,0.052837807353104546,0.3835216632603559,0.42379344841321004,0.506944777064531,-0.07537783614444095,-0.12309149097933268,-0.12309149097933268,-0.12309149097933268,-0.5609681940050744,0.0657951694959769,-0.12309149097933268,0.30151134457776363,0.22852652225356163,-0.5360201681382463,-0.42640143271122083,0.0657951694959769,0.0657951694959769,0.07537783614444091,0.0,0.4174457412372101,0.558416936413065,0.23836564731139806,0.2747740351926009,0.5339555675973888,0.4136701519960153,-0.18835264373920443,0.035782813348225646,0.16854996561581048,0.31360072921443,0.4238145447344223,-0.07537783614444095,0.5260509098446914,-0.07537783614444095,-0.18835264373920443,-0.03350126050864042,0.02153652461269739,-0.3534031660738116,-0.3835216632603558,-0.3520893951097651,-0.45226701686664544,-0.12105003117656303,-0.07537783614444094,-0.33090248035317965,0.05309318732018994,-0.42379344841321,0.42465029006520066,-0.6365239496641676
PL,-0.23426064283290912,-0.3703985987435963,0.5245468310835593,-0.3067191794659486,-0.382546027838003,-0.23426064283290912,-0.23426064283290912,-0.23426064283290912,-0.05001563232803552,-0.047088160934801095,-0.23426064283290912,-0.25939049993206037,-0.3513909642493636,-0.3964410878710769,0.02086959677824204,-0.2524467210539465,-0.18835264373920446,1.0,0.769321130035318,0.7105181184430334,0.8430191247791962,0.6173309979059936,0.7114582486036499,0.67714738088066,0.6023845101417662,0.7156780854205469,0.7560975609756099,0.7073752744366275,0.7560975609756099,0.8430191247791962,0.279944016794402,0.8637696427516516,0.15617376188860613,0.5537069739686943,0.6499232217356103,0.7156780854205469,-0.21951219512195122,-0.07165743639000183,-0.04487620025963292,-0.2088398464398297,-0.3024463043743313,-0.3489469334459219,0.033108771302908103,-0.2682926829268292,0.5751797717724088,-0.23426064283290912,-0.382546027838003,-0.382546027838003,-0.382546027838003,-0.2905645665847724,-0.3067191794659486,-0.382546027838003,-0.23426064283290912,-0.27619627054881685,-0.3644054444067475,-0.5521576303742327,-0.3067191794659486,-0.3067191794659486,-0.3513909642493636,-0.3492151478847891,0.2548357523181361,0.012308216692591764,-0.24693239916239743,-0.2643171957927296,0.5126716108393478,0.5490633736057197,-0.21951219512195122,0.11120649366031915,0.5238227218271837,0.7274294287037928,-0.12544178421634491,-0.23426064283290912,0.45825924319930955,-0.23426064283290912,-0.21951219512195122,-0.01735264020984512,0.9593531087442945,-0.4445552378177146,-0.4469684125892594,0.1823716631040194,0.0,-0.3762015410475098,-0.23426064283290912,-0.5998911860709225,-0.45376098965704786,-0.21951219512195122,-0.1799640107964012,-0.15617376188860618
ACAv,-0.3212647026585896,-0.4402355499610878,0.2578847616888929,-0.4206342337287049,-0.5246230625870019,-0.3212647026585896,-0.3212647026585896,-0.3212647026585896,-0.1371827299185605,-0.12915326995195567,-0.3212647026585896,-0.3913005270878243,-0.48189705398788424,-0.5436787275760746,-0.17172320683032077,-0.34620506370922793,0.3228831748798892,0.769321130035318,1.0,0.9942892934089467,0.7648146665807474,0.8804710999221753,0.9756928006668273,0.9459966638488406,0.8669047532057177,0.9814798787003114,0.8362186196036064,0.9952906474521008,0.8362186196036064,0.7648146665807474,0.027422486773983578,0.7505306195583894,0.6425294053171791,0.9540588139558113,0.8610900682913387,0.9814798787003114,-0.30103870305729835,-0.19654180673900826,-0.18462946603209285,-0.39054908140548467,-0.48537432020340465,-0.47854531372173903,-0.04540532049853046,-0.10034623435243266,0.9259834269502837,-0.3212647026585896,-0.5246230625870016,-0.5246230625870016,-0.5246230625870016,-0.39847982127139125,-0.4206342337287049,-0.5246230625870016,-0.3212647026585896,-0.3787751611207132,-0.49974509302447245,-0.6360716594561518,-0.4206342337287049,-0.4206342337287049,-0.48189705398788424,-0.4789131426105757,0.1800358612330854,0.06751788141934527,-0.3386427307392982,-0.3903676165731996,0.7400811543481053,0.7897156681245354,-0.30103870305729835,0.15250842261612643,0.47891314261057566,0.9394832855014053,-0.18923374717096172,-0.3212647026585896,0.6454413540926116,-0.3212647026585896,-0.30103870305729835,-0.21417646843905966,0.8873025121046757,-0.6096624023809909,-0.6129718267301613,0.25010423181607755,0.0,-0.515922242689897,-0.3212647026585896,-0.8226898944268991,-0.6222871569776117,-0.30103870305729835,0.02742248677398362,-0.21417646843905974
ACAd,-0.3249668418098408,-0.4037139009163589,0.24712724192549743,-0.42548147169838163,-0.5306686305052325,-0.32496684180984087,-0.3249668418098408,-0.3249668418098408,-0.11894020669001054,-0.11197850219117086,-0.3249668418098408,-0.38552896163789474,-0.4874502627147611,-0.5499438861397306,-0.1674984376075945,-0.3501946066316617,0.391924757669098,0.7105181184430334,0.9942892934089467,1.0,0.6939521309482107,0.8808303292720553,0.9869363343854424,0.9518814867190702,0.9019487854313947,0.992790100629557,0.7830199672637511,0.9994778496000145,0.7830199672637511,0.6939521309482107,-0.017831888788705265,0.7212858257048836,0.719569435436076,0.9791208740244552,0.8251701738119489,0.992790100629557,-0.30450776504701427,-0.17040572913692192,-0.15118429455665952,-0.364950609532608,-0.47056375139921874,-0.4840598981965228,-0.019683666479473932,-0.05800147905657404,0.9589554164382098,-0.32496684180984087,-0.5306686305052324,-0.5306686305052324,-0.5306686305052324,-0.40307175974176895,-0.4254814716983816,-0.5306686305052324,-0.3249668418098408,-0.38314003015830767,-0.5055039761486411,-0.6237055560836822,-0.4254814716983816,-0.4254814716983816,-0.487450262714761,-0.48443196581348313,0.19282291400553178,0.0841503463342685,-0.3425451280502437,-0.38680758162377904,0.737915161372517,0.7882005721818716,-0.30450776504701427,0.15426587495244098,0.4671308241772873,0.9321151145870065,-0.18644260613861782,-0.32496684180984087,0.6479703225678233,-0.32496684180984087,-0.30450776504701427,-0.24759378423606912,0.8555249508871318,-0.6166879331356072,-0.6200354941034281,0.2529863432364657,0.0,-0.5218675454818236,-0.3249668418098408,-0.8321702775573585,-0.62945817087395,-0.30450776504701427,0.047551703436547466,-0.21664456120656056
RSPv,-0.20761369963434995,-0.5908789478687516,0.13156983619939247,-0.27183014110978115,-0.3390317518104052,-0.20761369963434995,-0.20761369963434995,-0.20761369963434995,-0.2659583874167388,-0.25039154291806714,-0.20761369963434995,-0.3448275862068965,-0.31142054945152486,-0.3513462609196691,-0.22194838080923765,-0.2237311273663412,-0.12519577145903357,0.8430191247791962,0.7648146665807474,0.6939521309482107,1.0,0.6565321642986127,0.6305304951858035,0.656208669741255,0.3756819326716808,0.634270329256156,0.9727143747452264,0.708329092870135,0.9727143747452264,1.0,0.2658221033250759,0.648643837900846,-2.8171917835314824e-18,0.5662191808209542,0.9079243595414899,0.634270329256156,-0.19454287494904524,-0.3810387941055741,-0.4374872890999365,-0.5216017631276643,-0.49616526081956064,-0.30925452501401507,-0.2640840977672257,-0.3242381249150753,0.4654271779792928,-0.20761369963434995,-0.3390317518104052,-0.3390317518104052,-0.3390317518104052,-0.2575131013123024,-0.2718301411097811,-0.3390317518104052,-0.20761369963434995,-0.244779186381513,-0.3229546438756554,-0.5284981975632331,-0.2718301411097811,-0.2718301411097811,-0.3114205494515248,-0.3094922302950864,-0.02053167349218879,-0.06544900686385208,-0.21884405476620425,-0.3243480175211506,0.5739229434631912,0.6052927476393779,-0.19454287494904524,0.09855685228632577,0.37139067635410367,0.7323120504845995,-0.1667593364912676,-0.20761369963434995,0.46101544639312864,-0.20761369963434995,-0.19454287494904524,0.04613637769652219,0.7711365986418711,-0.39398746839858934,-0.39612614665083856,0.16162704595880897,0.0,-0.3334089448423773,-0.20761369963434995,-0.5316540884208918,-0.40214607401909425,-0.19454287494904524,-0.05316442066501517,-0.13840913308956665
RSPv.a,-1.097135458930219e-17,-0.1875000000000001,0.1002006020070253,-0.1725163898355886,-0.6454972243679028,-0.3952847075210475,-0.3952847075210475,-1.097135458930219e-17,0.12659242088545833,0.23836564731139806,-1.097135458930219e-17,-0.13130643285972257,-0.19764235376052375,-0.4256912234842049,-0.26411070460266145,-0.5679618342470648,0.4767312946227961,0.6173309979059936,0.8804710999221753,0.8808303292720553,0.6565321642986127,1.0,0.8491301124526205,0.9290291911965082,0.7529232524210426,0.8625819491779427,0.7407971974871924,0.8835775815176353,0.7407971974871924,0.6565321642986127,-0.050611020636182245,0.73431307102251,0.5929270612815711,0.8624393618641035,0.7806745393045734,0.8625819491779427,0.12346619958119874,9.844272003999324e-18,-0.07572281660192294,-0.2883194041644336,-0.2931736072820866,-0.17317737459326865,0.2514005711827466,0.24693239916239748,0.8228507357554792,-0.3952847075210475,-0.3227486121839514,-0.3227486121839514,-0.3227486121839514,-0.4902903378454601,-0.17251638983558854,-0.3227486121839514,-5.1321558689958026e-17,-0.06657795516141339,-0.6148873228105182,-0.7267220926874316,-0.17251638983558854,-0.17251638983558854,-0.1976423537605237,-0.3535533905932738,0.3127291336003811,0.2180695939971617,0.0833333333333333,-0.10292337119907728,0.8878323426507486,0.6779076806833005,-0.37039859874359615,0.09382332813010019,0.2651650429449553,0.7865172642434272,0.06350006350009516,-0.3952847075210475,0.6896585610413388,-0.3952847075210475,-0.37039859874359615,-1.7120731112195022e-17,0.7341001711105166,-0.5736286640647938,-0.586601332759742,0.06154574548966636,-0.158113883008419,-0.3627381250550059,-5.1321558689958026e-17,-0.7230280193247178,-0.3480287789935654,-0.37039859874359615,0.20244408254472904,-0.4392052305789416
